%YAML:1.0
---
model_type: PINHOLE
camera_name: camera
image_width: 640
image_height: 480
distortion_parameters:
   k1: 0.0
   k2: 0.0
   p1: 0.0
   p2: 0.0
# projection_parameters:
#    fx: 382.580322265625
#    fy: 382.580322265625
#    cx: 321.42095947265625
#    cy: 235.15451049804688
# projection_parameters:
#    fx: 319.05447953122876
#    fy: 318.9329096958742
#    cx: 319.64202915961624
#    cy: 239.48825285948897
projection_parameters:
   fx: 327.863362
   fy: 327.863362
   cx: 333.431034
   cy: 239.106354