


# rosrun camera_calibration cameracalibrator.py --size 11x8 --square 0.1 image:=/airsim_node/drone_1/front_left/Scene camera:/camera --no-service-check



rosrun camera_calibration cameracalibrator.py --size 11x8 --square 0.04 right:=/airsim_node/drone_1/front_right/Scene left:=/airsim_node/drone_1/front_left/Scene left_camera:=//airsim_node/drone_1/front_left right_camera:=/airsim_node/drone_1/front_right --no-service-check

#2023/09/25

# Left:
# D = [-0.0003542354064307967, 0.0002231632195113881, -0.00039130273946154565, -0.00015853690779968002, 0.0]
# K = [319.26095573882094, 0.0, 319.35763197474313, 0.0, 319.72950022750285, 239.14380971076756, 0.0, 0.0, 1.0]
# R = [0.9999286175445841, 0.0008333867575323165, -0.01191911414029007, -0.0008386786829219704, 0.9999995519506157, -0.0004389950278846033, 0.011918742947295457, 0.000448959998290373, 0.9999288684708909]
# P = [324.26262217100805, 0.0, 326.80255126953125, 0.0, 0.0, 324.26262217100805, 239.00705337524414, 0.0, 0.0, 0.0, 1.0, 0.0]

# Right:
# D = [-0.0006641391498586611, 0.0002040862919544759, -0.0003205446012217755, -0.00031652384059970397, 0.0]
# K = [320.0210317768865, 0.0, 319.3864446315347, 0.0, 320.44623061683967, 239.48825285948897, 0.0, 0.0, 1.0]
# R = [0.9999259778814894, 0.0007923441963241944, -0.012141291052509906, -0.0007869534620629684, 0.9999995896542697, 0.0004487711450984425, 0.01214164165159526, -0.00043918329507986863, 0.9999261911041423]
# P = [324.26262217100805, 0.0, 326.80255126953125, -30.861678399823518, 0.0, 324.26262217100805, 239.00705337524414, 0.0, 0.0, 0.0, 1.0, 0.0]
# self.T = [-0.09516790355421567, -7.541131816303956e-05, 0.0011555467519273215]
# self.R = [0.9999999738168507, 5.1823070429467524e-05, 0.00022289160452342125, -5.1625214728854416e-05, 0.9999996047584985, -0.0008875909440328657, -0.00022293751411541857, 0.0008875794139659935, 0.9999995812507366]
# None
# # oST version 5.0 parameters


# [image]

# width
# 640

# height
# 480

# [narrow_stereo/left]

# camera matrix
# 319.260956 0.000000 319.357632
# 0.000000 319.729500 239.143810
# 0.000000 0.000000 1.000000

# distortion
# -0.000354 0.000223 -0.000391 -0.000159 0.000000

# rectification
# 0.999929 0.000833 -0.011919
# -0.000839 1.000000 -0.000439
# 0.011919 0.000449 0.999929

# projection
# 324.262622 0.000000 326.802551 0.000000
# 0.000000 324.262622 239.007053 0.000000
# 0.000000 0.000000 1.000000 0.000000
# # oST version 5.0 parameters


# [image]

# width
# 640

# height
# 480

# [narrow_stereo/right]

# camera matrix
# 320.021032 0.000000 319.386445
# 0.000000 320.446231 239.488253
# 0.000000 0.000000 1.000000

# distortion
# -0.000664 0.000204 -0.000321 -0.000317 0.000000

# rectification
# 0.999926 0.000792 -0.012141
# -0.000787 1.000000 0.000449
# 0.012142 -0.000439 0.999926

# projection
# 324.262622 0.000000 326.802551 -30.861678
# 0.000000 324.262622 239.007053 0.000000
# 0.000000 0.000000 1.000000 0.000000
